1 1.0 1 50
2 1.5 1 100
3 2.0 1 150
4 2.5 1 200
5 3.0 1 250
6 3.5 2 300
7 4.0 2 350
8 4.5 2 400
9 5.0 2 450
10 5.5 2 500
11 6.0 3 600
12 6.5 3 700
13 7.0 3 800 
14 7.5 3 900
15 8.0 3 1000
16 8.5 3 1500
17 9.0 3 2000
18 9.5 3 2500
19 10.0 3 3000
20 10.5 3 3500
21 11.0 4 4000
22 11.5 4 4500
23 12.0 4 5000
24 12.5 4 5500
25 13.0 4 6000
26 13.5 5 7000
27 14.0 5 8000
28 14.5 5 9000
29 15.0 5 10000
30 15.5 5 11500
31 20 6 13000
32 25 7 14500
33 30 8 16000
34 35 9 17500
35 40 10 19000
36 50 15 20500
37 60 15 22000
38 60 20 23500
39 60 25 25000
40 60 30 26500